{
 "cells": [
  {
   "cell_type": "code",
   "execution_count": 1,
   "metadata": {},
   "outputs": [],
   "source": [
    "from Alavian import print_matrix, norm, off, jacobi_rotation, real_eigen, hermitian_eigensystem, real_eigen2, hermitian_eigensystem2, anharmonic\n",
    "import numpy as np\n",
    "import copy\n",
    "from IPython.display import display, Math\n",
    "from scipy import linalg\n",
    "from scipy.stats import unitary_group\n",
    "import matplotlib.pyplot as plt\n",
    "plt.style.use(\"ggplot\")\n",
    "\n",
    "import math\n",
    "from numpy.polynomial.hermite import hermval"
   ]
  },
  {
   "cell_type": "markdown",
   "metadata": {},
   "source": [
    "# Code Tests"
   ]
  },
  {
   "cell_type": "markdown",
   "metadata": {},
   "source": [
    "# Norm Code Tests"
   ]
  },
  {
   "cell_type": "code",
   "execution_count": 2,
   "metadata": {},
   "outputs": [],
   "source": [
    "fiver = np.ones((5,5))\n",
    "tener = np.ones((10,10))\n",
    "dub = np.ones((20,20))\n",
    "thirty = np.ones((30,30))\n",
    "hunnid = np.ones((100,100))"
   ]
  },
  {
   "cell_type": "code",
   "execution_count": 3,
   "metadata": {},
   "outputs": [
    {
     "name": "stdout",
     "output_type": "stream",
     "text": [
      "5.0\n",
      "10.0\n",
      "20.0\n",
      "30.0\n",
      "100.0\n"
     ]
    }
   ],
   "source": [
    "print(norm(fiver))\n",
    "print(norm(tener))\n",
    "print(norm(dub))\n",
    "print(norm(thirty))\n",
    "print(norm((hunnid)))"
   ]
  },
  {
   "cell_type": "markdown",
   "metadata": {},
   "source": [
    "I created matricies filled with ones so the norm should just be equal to the total matrix size"
   ]
  },
  {
   "cell_type": "markdown",
   "metadata": {},
   "source": [
    "# Off Code Tests"
   ]
  },
  {
   "cell_type": "code",
   "execution_count": 4,
   "metadata": {},
   "outputs": [
    {
     "data": {
      "text/plain": [
       "4.47213595499958"
      ]
     },
     "execution_count": 4,
     "metadata": {},
     "output_type": "execute_result"
    }
   ],
   "source": [
    "off(fiver)\n",
    "\n",
    "# 25 - 5 = 20 so were looking at square root of 20, seems legit :)"
   ]
  },
  {
   "cell_type": "code",
   "execution_count": 5,
   "metadata": {},
   "outputs": [
    {
     "data": {
      "text/plain": [
       "9.486832980505138"
      ]
     },
     "execution_count": 5,
     "metadata": {},
     "output_type": "execute_result"
    }
   ],
   "source": [
    "off(tener)\n",
    "\n",
    "# 100 - 10 = 90, sqrt(90) = 9.48 looks good"
   ]
  },
  {
   "cell_type": "code",
   "execution_count": 6,
   "metadata": {},
   "outputs": [
    {
     "data": {
      "text/plain": [
       "19.493588689617926"
      ]
     },
     "execution_count": 6,
     "metadata": {},
     "output_type": "execute_result"
    }
   ],
   "source": [
    "off(dub)\n",
    "# 400 - 20 = 380, sqrt(380) = 19.49 :)"
   ]
  },
  {
   "cell_type": "code",
   "execution_count": 7,
   "metadata": {},
   "outputs": [
    {
     "data": {
      "text/plain": [
       "29.49576240750525"
      ]
     },
     "execution_count": 7,
     "metadata": {},
     "output_type": "execute_result"
    }
   ],
   "source": [
    "off(thirty)\n",
    "# 900 - 30 = 870, sqrt(870) = 29.49 :)"
   ]
  },
  {
   "cell_type": "code",
   "execution_count": 8,
   "metadata": {},
   "outputs": [
    {
     "data": {
      "text/plain": [
       "99.498743710662"
      ]
     },
     "execution_count": 8,
     "metadata": {},
     "output_type": "execute_result"
    }
   ],
   "source": [
    "off(hunnid)\n",
    "# 10000 - 100 = 9900, sqrt(9900) = 99.49 :)"
   ]
  },
  {
   "cell_type": "markdown",
   "metadata": {},
   "source": [
    "# Jacobi Rotations Test\n",
    "We should recieve a matrix where the selected row elements (j, k) and (k, j) should be eleminated, as well as recieve an orthongonal matrix, the Jacobi Rotation. To test I multiply it against its own transpose to make sure it returns the identity matrix"
   ]
  },
  {
   "cell_type": "code",
   "execution_count": 9,
   "metadata": {},
   "outputs": [
    {
     "data": {
      "text/latex": [
       "$\\displaystyle \\begin{bmatrix}1.0&1.0&1.0&1.414213562373095&0.0\\\\1.0&1.0&1.0&1.414213562373095&0.0\\\\1.0&1.0&1.0&1.414213562373095&0.0\\\\1.414213562373095&1.414213562373095&1.414213562373095&1.9999999999999996&4.4742286341514763e-17\\\\0.0&0.0&0.0&0.0&0.0\\\\\\end{bmatrix}$"
      ],
      "text/plain": [
       "<IPython.core.display.Math object>"
      ]
     },
     "metadata": {},
     "output_type": "display_data"
    },
    {
     "data": {
      "text/latex": [
       "$\\displaystyle \\begin{bmatrix}1.0&0.0&0.0&0.0&0.0\\\\0.0&1.0&0.0&0.0&0.0\\\\0.0&0.0&1.0&0.0&0.0\\\\0.0&0.0&0.0&0.7071067811865475&-0.7071067811865475\\\\0.0&0.0&0.0&0.7071067811865475&0.7071067811865475\\\\\\end{bmatrix}$"
      ],
      "text/plain": [
       "<IPython.core.display.Math object>"
      ]
     },
     "metadata": {},
     "output_type": "display_data"
    },
    {
     "data": {
      "text/latex": [
       "$\\displaystyle \\begin{bmatrix}1.0&0.0&0.0&0.0&0.0\\\\0.0&1.0&0.0&0.0&0.0\\\\0.0&0.0&1.0&0.0&0.0\\\\0.0&0.0&0.0&0.9999999999999998&-2.2371143170757382e-17\\\\0.0&0.0&0.0&-2.2371143170757382e-17&0.9999999999999998\\\\\\end{bmatrix}$"
      ],
      "text/plain": [
       "<IPython.core.display.Math object>"
      ]
     },
     "metadata": {},
     "output_type": "display_data"
    }
   ],
   "source": [
    "p,o = jacobi_rotation(fiver, 4, 3)\n",
    "print_matrix(p)\n",
    "print_matrix(o)\n",
    "print_matrix(o @ o.T)\n",
    "# Slightly innacurate but I think this is within an acceptable margin.\n",
    "# We are testing to make sure we are given back an orthogonal matrix\n",
    "# by multiplying it against its tranpose to recieve the identity \n",
    "# e-17 is within reasonable tolerance"
   ]
  },
  {
   "cell_type": "code",
   "execution_count": 10,
   "metadata": {},
   "outputs": [
    {
     "data": {
      "text/latex": [
       "$\\displaystyle \\begin{bmatrix}1.0&0.0&0.0&0.0&0.0&0.0&0.0&0.0&0.0&0.0\\\\0.0&1.0&0.0&0.0&0.0&0.0&0.0&0.0&0.0&0.0\\\\0.0&0.0&1.0&0.0&0.0&0.0&0.0&0.0&0.0&0.0\\\\0.0&0.0&0.0&0.9999999999999998&-2.2371143170757382e-17&0.0&0.0&0.0&0.0&0.0\\\\0.0&0.0&0.0&-2.2371143170757382e-17&0.9999999999999998&0.0&0.0&0.0&0.0&0.0\\\\0.0&0.0&0.0&0.0&0.0&1.0&0.0&0.0&0.0&0.0\\\\0.0&0.0&0.0&0.0&0.0&0.0&1.0&0.0&0.0&0.0\\\\0.0&0.0&0.0&0.0&0.0&0.0&0.0&1.0&0.0&0.0\\\\0.0&0.0&0.0&0.0&0.0&0.0&0.0&0.0&1.0&0.0\\\\0.0&0.0&0.0&0.0&0.0&0.0&0.0&0.0&0.0&1.0\\\\\\end{bmatrix}$"
      ],
      "text/plain": [
       "<IPython.core.display.Math object>"
      ]
     },
     "metadata": {},
     "output_type": "display_data"
    }
   ],
   "source": [
    "p,o = jacobi_rotation(tener, 4, 3)\n",
    "#print_matrix(p)\n",
    "#print_matrix(o)\n",
    "print_matrix(o @ o.T)\n",
    "# For these lager matricies I will only print the jacobi multiplied its transpose for proof of concept"
   ]
  },
  {
   "cell_type": "code",
   "execution_count": 11,
   "metadata": {},
   "outputs": [
    {
     "data": {
      "text/latex": [
       "$\\displaystyle \\begin{bmatrix}1.0&0.0&0.0&0.0&0.0&0.0&0.0&0.0&0.0&0.0&0.0&0.0&0.0&0.0&0.0&0.0&0.0&0.0&0.0&0.0\\\\0.0&1.0&0.0&0.0&0.0&0.0&0.0&0.0&0.0&0.0&0.0&0.0&0.0&0.0&0.0&0.0&0.0&0.0&0.0&0.0\\\\0.0&0.0&1.0&0.0&0.0&0.0&0.0&0.0&0.0&0.0&0.0&0.0&0.0&0.0&0.0&0.0&0.0&0.0&0.0&0.0\\\\0.0&0.0&0.0&0.9999999999999998&-2.2371143170757382e-17&0.0&0.0&0.0&0.0&0.0&0.0&0.0&0.0&0.0&0.0&0.0&0.0&0.0&0.0&0.0\\\\0.0&0.0&0.0&-2.2371143170757382e-17&0.9999999999999998&0.0&0.0&0.0&0.0&0.0&0.0&0.0&0.0&0.0&0.0&0.0&0.0&0.0&0.0&0.0\\\\0.0&0.0&0.0&0.0&0.0&1.0&0.0&0.0&0.0&0.0&0.0&0.0&0.0&0.0&0.0&0.0&0.0&0.0&0.0&0.0\\\\0.0&0.0&0.0&0.0&0.0&0.0&1.0&0.0&0.0&0.0&0.0&0.0&0.0&0.0&0.0&0.0&0.0&0.0&0.0&0.0\\\\0.0&0.0&0.0&0.0&0.0&0.0&0.0&1.0&0.0&0.0&0.0&0.0&0.0&0.0&0.0&0.0&0.0&0.0&0.0&0.0\\\\0.0&0.0&0.0&0.0&0.0&0.0&0.0&0.0&1.0&0.0&0.0&0.0&0.0&0.0&0.0&0.0&0.0&0.0&0.0&0.0\\\\0.0&0.0&0.0&0.0&0.0&0.0&0.0&0.0&0.0&1.0&0.0&0.0&0.0&0.0&0.0&0.0&0.0&0.0&0.0&0.0\\\\0.0&0.0&0.0&0.0&0.0&0.0&0.0&0.0&0.0&0.0&1.0&0.0&0.0&0.0&0.0&0.0&0.0&0.0&0.0&0.0\\\\0.0&0.0&0.0&0.0&0.0&0.0&0.0&0.0&0.0&0.0&0.0&1.0&0.0&0.0&0.0&0.0&0.0&0.0&0.0&0.0\\\\0.0&0.0&0.0&0.0&0.0&0.0&0.0&0.0&0.0&0.0&0.0&0.0&1.0&0.0&0.0&0.0&0.0&0.0&0.0&0.0\\\\0.0&0.0&0.0&0.0&0.0&0.0&0.0&0.0&0.0&0.0&0.0&0.0&0.0&1.0&0.0&0.0&0.0&0.0&0.0&0.0\\\\0.0&0.0&0.0&0.0&0.0&0.0&0.0&0.0&0.0&0.0&0.0&0.0&0.0&0.0&1.0&0.0&0.0&0.0&0.0&0.0\\\\0.0&0.0&0.0&0.0&0.0&0.0&0.0&0.0&0.0&0.0&0.0&0.0&0.0&0.0&0.0&1.0&0.0&0.0&0.0&0.0\\\\0.0&0.0&0.0&0.0&0.0&0.0&0.0&0.0&0.0&0.0&0.0&0.0&0.0&0.0&0.0&0.0&1.0&0.0&0.0&0.0\\\\0.0&0.0&0.0&0.0&0.0&0.0&0.0&0.0&0.0&0.0&0.0&0.0&0.0&0.0&0.0&0.0&0.0&1.0&0.0&0.0\\\\0.0&0.0&0.0&0.0&0.0&0.0&0.0&0.0&0.0&0.0&0.0&0.0&0.0&0.0&0.0&0.0&0.0&0.0&1.0&0.0\\\\0.0&0.0&0.0&0.0&0.0&0.0&0.0&0.0&0.0&0.0&0.0&0.0&0.0&0.0&0.0&0.0&0.0&0.0&0.0&1.0\\\\\\end{bmatrix}$"
      ],
      "text/plain": [
       "<IPython.core.display.Math object>"
      ]
     },
     "metadata": {},
     "output_type": "display_data"
    }
   ],
   "source": [
    "p,o = jacobi_rotp,o = jacobi_rotation(dub, 4, 3)\n",
    "#print_matrix(p)\n",
    "#print_matrix(o)\n",
    "print_matrix(o @ o.T)\n",
    "# For these lager matricies I will only print the jacobi multiplied its transpose for proof of concept"
   ]
  },
  {
   "cell_type": "code",
   "execution_count": 12,
   "metadata": {},
   "outputs": [
    {
     "data": {
      "text/latex": [
       "$\\displaystyle \\begin{bmatrix}1.0&0.0&0.0&0.0&0.0&0.0&0.0&0.0&0.0&0.0&0.0&0.0&0.0&0.0&0.0&0.0&0.0&0.0&0.0&0.0&0.0&0.0&0.0&0.0&0.0&0.0&0.0&0.0&0.0&0.0\\\\0.0&1.0&0.0&0.0&0.0&0.0&0.0&0.0&0.0&0.0&0.0&0.0&0.0&0.0&0.0&0.0&0.0&0.0&0.0&0.0&0.0&0.0&0.0&0.0&0.0&0.0&0.0&0.0&0.0&0.0\\\\0.0&0.0&1.0&0.0&0.0&0.0&0.0&0.0&0.0&0.0&0.0&0.0&0.0&0.0&0.0&0.0&0.0&0.0&0.0&0.0&0.0&0.0&0.0&0.0&0.0&0.0&0.0&0.0&0.0&0.0\\\\0.0&0.0&0.0&0.9999999999999998&-2.2371143170757382e-17&0.0&0.0&0.0&0.0&0.0&0.0&0.0&0.0&0.0&0.0&0.0&0.0&0.0&0.0&0.0&0.0&0.0&0.0&0.0&0.0&0.0&0.0&0.0&0.0&0.0\\\\0.0&0.0&0.0&-2.2371143170757382e-17&0.9999999999999998&0.0&0.0&0.0&0.0&0.0&0.0&0.0&0.0&0.0&0.0&0.0&0.0&0.0&0.0&0.0&0.0&0.0&0.0&0.0&0.0&0.0&0.0&0.0&0.0&0.0\\\\0.0&0.0&0.0&0.0&0.0&1.0&0.0&0.0&0.0&0.0&0.0&0.0&0.0&0.0&0.0&0.0&0.0&0.0&0.0&0.0&0.0&0.0&0.0&0.0&0.0&0.0&0.0&0.0&0.0&0.0\\\\0.0&0.0&0.0&0.0&0.0&0.0&1.0&0.0&0.0&0.0&0.0&0.0&0.0&0.0&0.0&0.0&0.0&0.0&0.0&0.0&0.0&0.0&0.0&0.0&0.0&0.0&0.0&0.0&0.0&0.0\\\\0.0&0.0&0.0&0.0&0.0&0.0&0.0&1.0&0.0&0.0&0.0&0.0&0.0&0.0&0.0&0.0&0.0&0.0&0.0&0.0&0.0&0.0&0.0&0.0&0.0&0.0&0.0&0.0&0.0&0.0\\\\0.0&0.0&0.0&0.0&0.0&0.0&0.0&0.0&1.0&0.0&0.0&0.0&0.0&0.0&0.0&0.0&0.0&0.0&0.0&0.0&0.0&0.0&0.0&0.0&0.0&0.0&0.0&0.0&0.0&0.0\\\\0.0&0.0&0.0&0.0&0.0&0.0&0.0&0.0&0.0&1.0&0.0&0.0&0.0&0.0&0.0&0.0&0.0&0.0&0.0&0.0&0.0&0.0&0.0&0.0&0.0&0.0&0.0&0.0&0.0&0.0\\\\0.0&0.0&0.0&0.0&0.0&0.0&0.0&0.0&0.0&0.0&1.0&0.0&0.0&0.0&0.0&0.0&0.0&0.0&0.0&0.0&0.0&0.0&0.0&0.0&0.0&0.0&0.0&0.0&0.0&0.0\\\\0.0&0.0&0.0&0.0&0.0&0.0&0.0&0.0&0.0&0.0&0.0&1.0&0.0&0.0&0.0&0.0&0.0&0.0&0.0&0.0&0.0&0.0&0.0&0.0&0.0&0.0&0.0&0.0&0.0&0.0\\\\0.0&0.0&0.0&0.0&0.0&0.0&0.0&0.0&0.0&0.0&0.0&0.0&1.0&0.0&0.0&0.0&0.0&0.0&0.0&0.0&0.0&0.0&0.0&0.0&0.0&0.0&0.0&0.0&0.0&0.0\\\\0.0&0.0&0.0&0.0&0.0&0.0&0.0&0.0&0.0&0.0&0.0&0.0&0.0&1.0&0.0&0.0&0.0&0.0&0.0&0.0&0.0&0.0&0.0&0.0&0.0&0.0&0.0&0.0&0.0&0.0\\\\0.0&0.0&0.0&0.0&0.0&0.0&0.0&0.0&0.0&0.0&0.0&0.0&0.0&0.0&1.0&0.0&0.0&0.0&0.0&0.0&0.0&0.0&0.0&0.0&0.0&0.0&0.0&0.0&0.0&0.0\\\\0.0&0.0&0.0&0.0&0.0&0.0&0.0&0.0&0.0&0.0&0.0&0.0&0.0&0.0&0.0&1.0&0.0&0.0&0.0&0.0&0.0&0.0&0.0&0.0&0.0&0.0&0.0&0.0&0.0&0.0\\\\0.0&0.0&0.0&0.0&0.0&0.0&0.0&0.0&0.0&0.0&0.0&0.0&0.0&0.0&0.0&0.0&1.0&0.0&0.0&0.0&0.0&0.0&0.0&0.0&0.0&0.0&0.0&0.0&0.0&0.0\\\\0.0&0.0&0.0&0.0&0.0&0.0&0.0&0.0&0.0&0.0&0.0&0.0&0.0&0.0&0.0&0.0&0.0&1.0&0.0&0.0&0.0&0.0&0.0&0.0&0.0&0.0&0.0&0.0&0.0&0.0\\\\0.0&0.0&0.0&0.0&0.0&0.0&0.0&0.0&0.0&0.0&0.0&0.0&0.0&0.0&0.0&0.0&0.0&0.0&1.0&0.0&0.0&0.0&0.0&0.0&0.0&0.0&0.0&0.0&0.0&0.0\\\\0.0&0.0&0.0&0.0&0.0&0.0&0.0&0.0&0.0&0.0&0.0&0.0&0.0&0.0&0.0&0.0&0.0&0.0&0.0&1.0&0.0&0.0&0.0&0.0&0.0&0.0&0.0&0.0&0.0&0.0\\\\0.0&0.0&0.0&0.0&0.0&0.0&0.0&0.0&0.0&0.0&0.0&0.0&0.0&0.0&0.0&0.0&0.0&0.0&0.0&0.0&1.0&0.0&0.0&0.0&0.0&0.0&0.0&0.0&0.0&0.0\\\\0.0&0.0&0.0&0.0&0.0&0.0&0.0&0.0&0.0&0.0&0.0&0.0&0.0&0.0&0.0&0.0&0.0&0.0&0.0&0.0&0.0&1.0&0.0&0.0&0.0&0.0&0.0&0.0&0.0&0.0\\\\0.0&0.0&0.0&0.0&0.0&0.0&0.0&0.0&0.0&0.0&0.0&0.0&0.0&0.0&0.0&0.0&0.0&0.0&0.0&0.0&0.0&0.0&1.0&0.0&0.0&0.0&0.0&0.0&0.0&0.0\\\\0.0&0.0&0.0&0.0&0.0&0.0&0.0&0.0&0.0&0.0&0.0&0.0&0.0&0.0&0.0&0.0&0.0&0.0&0.0&0.0&0.0&0.0&0.0&1.0&0.0&0.0&0.0&0.0&0.0&0.0\\\\0.0&0.0&0.0&0.0&0.0&0.0&0.0&0.0&0.0&0.0&0.0&0.0&0.0&0.0&0.0&0.0&0.0&0.0&0.0&0.0&0.0&0.0&0.0&0.0&1.0&0.0&0.0&0.0&0.0&0.0\\\\0.0&0.0&0.0&0.0&0.0&0.0&0.0&0.0&0.0&0.0&0.0&0.0&0.0&0.0&0.0&0.0&0.0&0.0&0.0&0.0&0.0&0.0&0.0&0.0&0.0&1.0&0.0&0.0&0.0&0.0\\\\0.0&0.0&0.0&0.0&0.0&0.0&0.0&0.0&0.0&0.0&0.0&0.0&0.0&0.0&0.0&0.0&0.0&0.0&0.0&0.0&0.0&0.0&0.0&0.0&0.0&0.0&1.0&0.0&0.0&0.0\\\\0.0&0.0&0.0&0.0&0.0&0.0&0.0&0.0&0.0&0.0&0.0&0.0&0.0&0.0&0.0&0.0&0.0&0.0&0.0&0.0&0.0&0.0&0.0&0.0&0.0&0.0&0.0&1.0&0.0&0.0\\\\0.0&0.0&0.0&0.0&0.0&0.0&0.0&0.0&0.0&0.0&0.0&0.0&0.0&0.0&0.0&0.0&0.0&0.0&0.0&0.0&0.0&0.0&0.0&0.0&0.0&0.0&0.0&0.0&1.0&0.0\\\\0.0&0.0&0.0&0.0&0.0&0.0&0.0&0.0&0.0&0.0&0.0&0.0&0.0&0.0&0.0&0.0&0.0&0.0&0.0&0.0&0.0&0.0&0.0&0.0&0.0&0.0&0.0&0.0&0.0&1.0\\\\\\end{bmatrix}$"
      ],
      "text/plain": [
       "<IPython.core.display.Math object>"
      ]
     },
     "metadata": {},
     "output_type": "display_data"
    }
   ],
   "source": [
    "p,o = jacobi_rotation(thirty, 4, 3)\n",
    "#print_matrix(p)\n",
    "#print_matrix(o)\n",
    "print_matrix(o @ o.T)\n",
    "# For these lager matricies I will only print the jacobi multiplied its transpose for proof of concept"
   ]
  },
  {
   "cell_type": "code",
   "execution_count": 13,
   "metadata": {},
   "outputs": [
    {
     "name": "stdout",
     "output_type": "stream",
     "text": [
      "[[1. 0. 0. ... 0. 0. 0.]\n",
      " [0. 1. 0. ... 0. 0. 0.]\n",
      " [0. 0. 1. ... 0. 0. 0.]\n",
      " ...\n",
      " [0. 0. 0. ... 1. 0. 0.]\n",
      " [0. 0. 0. ... 0. 1. 0.]\n",
      " [0. 0. 0. ... 0. 0. 1.]]\n"
     ]
    }
   ],
   "source": [
    "p,o = jacobi_rotation(hunnid, 4, 3)\n",
    "print(o @ o.T)\n",
    "# the print matrix function is nice but it breaks my computer lol but it does work all the way up to 100x100"
   ]
  },
  {
   "cell_type": "markdown",
   "metadata": {},
   "source": [
    "# Real Eigen Testing"
   ]
  },
  {
   "cell_type": "code",
   "execution_count": 14,
   "metadata": {},
   "outputs": [
    {
     "data": {
      "text/latex": [
       "$\\displaystyle \\begin{bmatrix}-1.0000000000000002\\\\1.302943725152286\\\\4.697056274847713\\\\\\end{bmatrix}$"
      ],
      "text/plain": [
       "<IPython.core.display.Math object>"
      ]
     },
     "metadata": {},
     "output_type": "display_data"
    },
    {
     "data": {
      "text/latex": [
       "$\\displaystyle \\begin{bmatrix}0.7071067808569167&0.49999999999999756&0.5000000004661709\\\\-4.661734687001846e-10&-0.7071067811865476&0.7071067811865476\\\\-0.7071067815161783&0.5000000000000024&0.4999999995338288\\\\\\end{bmatrix}$"
      ],
      "text/plain": [
       "<IPython.core.display.Math object>"
      ]
     },
     "metadata": {},
     "output_type": "display_data"
    }
   ],
   "source": [
    "a = np.array( [ [1,1.2,2],[1.2,3,1.2],[2,1.2,1] ] )\n",
    "o, p = real_eigen(a, 1e-8)\n",
    "print_matrix(o)\n",
    "print_matrix(p)"
   ]
  },
  {
   "cell_type": "code",
   "execution_count": 15,
   "metadata": {},
   "outputs": [
    {
     "data": {
      "text/latex": [
       "$\\displaystyle \\begin{bmatrix}-2.6545483500348447e-16\\\\-1.3734689802340711e-17\\\\0.0\\\\1.228939703049374e-17\\\\4.999999999999999\\\\\\end{bmatrix}$"
      ],
      "text/plain": [
       "<IPython.core.display.Math object>"
      ]
     },
     "metadata": {},
     "output_type": "display_data"
    },
    {
     "data": {
      "text/latex": [
       "$\\displaystyle \\begin{bmatrix}-0.3411124891749858&-0.01783998482542285&0.7071067811865475&-0.4281635256187451&0.4472135954999579\\\\-0.3411124891749858&-0.01783998482542285&-0.7071067811865475&-0.4281635256187451&0.4472135954999579\\\\-0.411349559805039&0.02147539615676474&0.0&0.7939334651015226&0.4472135954999579\\\\0.5546435995001195&-0.699580595558981&0.0&0.05438260614288381&0.4472135954999579\\\\0.538930938654891&0.7137851690530622&0.0&0.008010979993083906&0.4472135954999579\\\\\\end{bmatrix}$"
      ],
      "text/plain": [
       "<IPython.core.display.Math object>"
      ]
     },
     "metadata": {},
     "output_type": "display_data"
    }
   ],
   "source": [
    "# real eigen should give a nx1 array of eigenvalues repeated to multiplicity, and an orthogonal matrix\n",
    "o, p = real_eigen(fiver, 1e-5)\n",
    "print_matrix(o)\n",
    "print_matrix(p)\n",
    "\n",
    "#looks withing tolerance (:"
   ]
  },
  {
   "cell_type": "code",
   "execution_count": 16,
   "metadata": {},
   "outputs": [
    {
     "data": {
      "text/latex": [
       "$\\displaystyle \\begin{bmatrix}-1.0564675373398914e-15\\\\-2.4419673190568107e-16\\\\-1.229018069340068e-16\\\\-4.545683199384287e-17\\\\-1.1535772668477683e-17\\\\0.0\\\\1.224608050460585e-17\\\\2.5222181469399534e-17\\\\2.7229378537619183e-17\\\\10.0\\\\\\end{bmatrix}$"
      ],
      "text/plain": [
       "<IPython.core.display.Math object>"
      ]
     },
     "metadata": {},
     "output_type": "display_data"
    },
    {
     "data": {
      "text/latex": [
       "$\\displaystyle \\begin{bmatrix}0.9999999999999999&8.928547686207161e-17&7.540768905425715e-17&1.170410524777005e-16&4.765211343862824e-17&-1.8060446065374998e-17&-1.5316194460845052e-16&-1.0132717291226174e-16&-4.581602168100391e-17&-1.4384066530305952e-17\\\\8.928547686207161e-17&0.9999999999999999&7.540768905425715e-17&1.170410524777005e-16&4.765211343862824e-17&-1.8060446065374998e-17&-1.5316194460845052e-16&-1.0132717291226174e-16&-4.581602168100391e-17&-1.4384066530305952e-17\\\\7.540768905425715e-17&7.540768905425715e-17&1.0000000000000004&1.170410524777005e-16&3.3774325630813784e-17&-1.8060446065374998e-17&-1.947953080318939e-16&-1.152049607200762e-16&-1.0132717291226174e-16&-2.826185433812041e-17\\\\1.170410524777005e-16&1.170410524777005e-16&1.170410524777005e-16&0.9999999999999994&-1.4663691587077417e-16&9.296185639714065e-17&8.276044812439525e-17&-4.182658257560541e-18&-4.182658257560541e-18&-4.2139642145934865e-17\\\\4.765211343862824e-17&4.765211343862824e-17&3.3774325630813784e-17&-1.4663691587077417e-16&0.9999999999999999&-4.182658257560541e-18&1.5214938716346753e-16&2.3572917358068373e-17&-4.182658257560541e-18&-4.2139642145934865e-17\\\\-1.8060446065374998e-17&-1.8060446065374998e-17&-1.8060446065374998e-17&9.296185639714065e-17&-4.182658257560541e-18&0.9999999999999999&1.0031461546727875e-16&-5.601742995374932e-17&-1.438406653030595e-17&-3.8463262610865814e-17\\\\-1.5316194460845052e-16&-1.5316194460845052e-16&-1.947953080318939e-16&8.276044812439525e-17&1.5214938716346753e-16&1.0031461546727875e-16&1.0&-2.4585474803051357e-17&4.480346423602093e-17&-6.254245869142568e-17\\\\-1.0132717291226174e-16&-1.0132717291226174e-16&-1.152049607200762e-16&-4.182658257560541e-18&2.3572917358068373e-17&-5.601742995374932e-17&-2.4585474803051357e-17&1.0000000000000004&-4.2139642145934865e-17&-1.2172998945775255e-16\\\\-4.581602168100391e-17&-4.581602168100391e-17&-1.0132717291226174e-16&-4.182658257560541e-18&-4.182658257560541e-18&-1.438406653030595e-17&4.480346423602093e-17&-4.2139642145934865e-17&1.0000000000000004&-1.35607777265567e-16\\\\-1.4384066530305952e-17&-1.4384066530305952e-17&-2.826185433812041e-17&-4.2139642145934865e-17&-4.2139642145934865e-17&-3.8463262610865814e-17&-6.254245869142568e-17&-1.2172998945775255e-16&-1.35607777265567e-16&1.0000000000000007\\\\\\end{bmatrix}$"
      ],
      "text/plain": [
       "<IPython.core.display.Math object>"
      ]
     },
     "metadata": {},
     "output_type": "display_data"
    }
   ],
   "source": [
    "# real eigen should give a list of eigenvalues, and an orthogonal matrix, which when multiplied together should return the identity matrix\n",
    "o, p = real_eigen(tener, 1e-5)\n",
    "print_matrix(o)\n",
    "print_matrix(p @ p.T)\n",
    "\n",
    "#looks withing tolerance (:\n",
    "# for these larger matricies I mulitiplied the output by its transpose to make sure it returns the identity matrix"
   ]
  },
  {
   "cell_type": "code",
   "execution_count": 17,
   "metadata": {},
   "outputs": [
    {
     "name": "stdout",
     "output_type": "stream",
     "text": [
      "[-1.51468208e-15 -2.64065549e-16 -2.55548622e-16 -1.47818912e-16\n",
      " -1.32014159e-16 -5.51403774e-17 -5.07124295e-17 -4.60649432e-17\n",
      " -4.23428499e-17  0.00000000e+00  1.97896172e-18  2.63132352e-18\n",
      "  3.27991106e-18  1.22460804e-17  1.56386384e-17  2.21716941e-17\n",
      "  2.63826147e-17  2.80224161e-17  2.92696220e-17  3.06240984e-17\n",
      "  3.27522508e-17  5.28690928e-17  5.40412021e-17  6.36259652e-17\n",
      "  1.22181521e-16  3.16722224e-16  5.12325046e-16  9.53808589e-16\n",
      "  3.00912345e-15  3.00000000e+01]\n",
      "[[ 1.00000000e+00  2.08177031e-17  9.02066421e-17  1.31840006e-16\n",
      "   1.17962218e-16 -1.76196510e-17 -1.58268971e-16 -9.39474840e-17\n",
      "  -5.92530144e-17 -5.41855628e-17 -1.76196510e-17  1.70748185e-17\n",
      "  -2.64299872e-17 -7.31308022e-17 -1.21703060e-16 -8.32657055e-17\n",
      "  -8.96577242e-17 -6.19021485e-17 -3.46934482e-17 -3.14974388e-17\n",
      "   1.02136193e-21 -5.06643026e-18 -4.66997937e-17 -4.48283514e-17\n",
      "  -2.08156603e-17 -1.06807571e-17 -2.96259965e-17  3.19703070e-18\n",
      "  -3.14974388e-17  2.40137124e-17]\n",
      " [ 2.08177031e-17  1.00000000e+00  9.02066421e-17  1.31840006e-16\n",
      "   1.17962218e-16 -1.76196510e-17 -1.58268971e-16 -9.39474840e-17\n",
      "  -5.92530144e-17 -5.41855628e-17 -1.76196510e-17  1.70748185e-17\n",
      "  -2.64299872e-17 -7.31308022e-17 -1.21703060e-16 -8.32657055e-17\n",
      "  -8.96577242e-17 -6.19021485e-17 -3.46934482e-17 -3.14974388e-17\n",
      "   1.02136193e-21 -5.06643026e-18 -4.66997937e-17 -4.48283514e-17\n",
      "  -2.08156603e-17 -1.06807571e-17 -2.96259965e-17  3.19703070e-18\n",
      "  -3.14974388e-17  2.40137124e-17]\n",
      " [ 9.02066421e-17  9.02066421e-17  1.00000000e+00  5.55121726e-17\n",
      "   6.93899604e-17 -8.70085901e-17 -2.06841229e-16 -1.28641953e-16\n",
      "  -4.53752266e-17 -6.11244567e-17  3.19703070e-18  2.40137124e-17\n",
      "  -1.94910933e-17 -6.61919083e-17 -9.39474840e-17 -9.02045994e-17\n",
      "  -7.57799364e-17 -6.19021485e-17 -4.85712360e-17 -3.14974388e-17\n",
      "  -6.93787254e-18 -2.58831120e-17 -4.66997937e-17 -3.09505636e-17\n",
      "  -2.08156603e-17 -1.06807571e-17 -2.96259965e-17  1.01359246e-17\n",
      "  -3.84363327e-17  1.70748185e-17]\n",
      " [ 1.31840006e-16  1.31840006e-16  5.55121726e-17  1.00000000e+00\n",
      "  -4.92660446e-16 -1.70275317e-16  1.05408997e-16  5.87081819e-17\n",
      "  -1.14764166e-16  3.60200579e-17 -1.76196510e-17 -3.84363327e-17\n",
      "   1.52033762e-17 -4.53752266e-17 -1.06807571e-17 -9.02045994e-17\n",
      "  -7.57799364e-17 -6.19021485e-17 -2.77545543e-17 -4.53752266e-17\n",
      "  -1.38767664e-17 -3.28220059e-17 -4.66997937e-17 -5.17672453e-17\n",
      "  -1.38767664e-17 -1.76196510e-17 -3.65648904e-17  3.19703070e-18\n",
      "  -3.14974388e-17  1.70748185e-17]\n",
      " [ 1.17962218e-16  1.17962218e-16  6.93899604e-17 -4.92660446e-16\n",
      "   1.00000000e+00  2.80752787e-16  1.05408997e-16 -3.74186321e-18\n",
      "  -3.74186321e-18 -4.03077750e-17 -2.45585449e-17 -3.84363327e-17\n",
      "   1.32558842e-18 -1.76196510e-17 -1.76196510e-17 -9.02045994e-17\n",
      "  -6.19021485e-17 -5.49632546e-17 -2.08156603e-17 -4.53752266e-17\n",
      "  -2.08156603e-17 -2.58831120e-17 -4.66997937e-17 -5.17672453e-17\n",
      "  -2.08156603e-17 -1.76196510e-17 -2.96259965e-17  3.19703070e-18\n",
      "  -3.84363327e-17  2.40137124e-17]\n",
      " [-1.76196510e-17 -1.76196510e-17 -8.70085901e-17 -1.70275317e-16\n",
      "   2.80752787e-16  1.00000000e+00 -3.71117657e-17 -1.46262626e-16\n",
      "   1.86804282e-16 -1.27317386e-16  6.39304004e-18 -2.13625356e-17\n",
      "  -9.35619006e-18 -4.21792173e-17  1.33319339e-17 -8.70085901e-17\n",
      "  -7.25839270e-17 -4.48283514e-17 -2.45585449e-17 -3.52403234e-17\n",
      "  -3.74186321e-18 -1.57482087e-17 -3.65648904e-17 -4.16323421e-17\n",
      "  -2.45585449e-17 -7.48474777e-18 -2.64299872e-17 -5.45853868e-19\n",
      "  -3.52403234e-17  2.72097217e-17]\n",
      " [-1.58268971e-16 -1.58268971e-16 -2.06841229e-16  1.05408997e-16\n",
      "   1.05408997e-16 -3.71117657e-17  1.00000000e+00 -6.26917748e-16\n",
      "   2.54321778e-16  3.28778169e-16  1.83993856e-17 -2.41729615e-18\n",
      "  -4.28873844e-18 -3.01728718e-17  2.53382795e-17 -3.33688811e-17\n",
      "  -1.89442181e-17 -1.20053242e-17  3.60200579e-17 -3.01728718e-17\n",
      "   1.52033762e-17  2.40137124e-17 -3.74186321e-18 -1.57482087e-17\n",
      "   2.21422701e-17 -2.41729615e-18 -4.21792173e-17  3.22771734e-17\n",
      "  -1.62950840e-17  3.22771734e-17]\n",
      " [-9.39474840e-17 -9.39474840e-17 -1.28641953e-16  5.87081819e-17\n",
      "  -3.74186321e-18 -1.46262626e-16 -6.26917748e-16  1.00000000e+00\n",
      "   2.77009902e-16  1.91871733e-16  6.88430852e-17 -7.48474777e-18\n",
      "   1.14604917e-17  6.39304004e-18  6.19041913e-17 -7.31308022e-17\n",
      "  -7.25839270e-17 -2.40116697e-17  1.01359246e-17 -2.83014295e-17\n",
      "  -3.74186321e-18 -8.80931483e-18 -3.65648904e-17 -3.46934482e-17\n",
      "  -1.06807571e-17 -2.13625356e-17 -4.03077750e-17  6.39304004e-18\n",
      "  -3.52403234e-17  3.41486157e-17]\n",
      " [-5.92530144e-17 -5.92530144e-17 -4.53752266e-17 -1.14764166e-16\n",
      "  -3.74186321e-18  1.86804282e-16  2.54321778e-16  2.77009902e-16\n",
      "   1.00000000e+00  5.04121959e-16 -1.53201520e-16 -1.46262626e-16\n",
      "  -7.87451291e-17 -4.91181112e-17 -3.52403234e-17 -5.92530144e-17\n",
      "  -1.01338819e-17  2.45605876e-17  1.01359246e-17 -4.91181112e-17\n",
      "  -1.76196510e-17  2.58851547e-17 -1.87042092e-18 -1.38767664e-17\n",
      "  -3.74186321e-18 -2.13625356e-17 -2.64299872e-17  2.72097217e-17\n",
      "  -2.13625356e-17 -5.45853868e-19]\n",
      " [-5.41855628e-17 -5.41855628e-17 -6.11244567e-17  3.60200579e-17\n",
      "  -4.03077750e-17 -1.27317386e-16  3.28778169e-16  1.91871733e-16\n",
      "   5.04121959e-16  1.00000000e+00 -2.52217477e-16 -7.87451291e-17\n",
      "  -3.20443141e-17  4.52159775e-18 -2.41729615e-18 -8.19411384e-17\n",
      "  -1.89442181e-17  4.35058271e-17  8.26448232e-18 -4.40506596e-17\n",
      "  -5.61330549e-18  3.09526063e-17 -3.74186321e-18 -1.57482087e-17\n",
      "   3.60200579e-17 -1.62950840e-17 -1.44236417e-17  4.61549612e-17\n",
      "  -9.35619006e-18  3.92160673e-17]\n",
      " [-1.76196510e-17 -1.76196510e-17  3.19703070e-18 -1.76196510e-17\n",
      "  -2.45585449e-17  6.39304004e-18  1.83993856e-17  6.88430852e-17\n",
      "  -1.53201520e-16 -2.52217477e-16  1.00000000e+00  5.49652974e-17\n",
      "  -1.06500705e-16  1.03537555e-16  1.65987600e-16 -5.23141205e-17\n",
      "  -1.00339503e-16 -5.87061392e-17 -3.74186321e-18 -2.83014295e-17\n",
      "  -3.74186321e-18 -7.12593600e-17 -6.43204661e-17 -5.55101299e-17\n",
      "  -4.53752266e-17 -2.83014295e-17 -4.03077750e-17 -7.48474777e-18\n",
      "  -4.91181112e-17  2.02708278e-17]\n",
      " [ 1.70748185e-17  1.70748185e-17  2.40137124e-17 -3.84363327e-17\n",
      "  -3.84363327e-17 -2.13625356e-17 -2.41729615e-18 -7.48474777e-18\n",
      "  -1.46262626e-16 -7.87451291e-17  5.49652974e-17  1.00000000e+00\n",
      "   6.00327490e-17  1.45170918e-16  1.38232024e-16 -4.53752266e-17\n",
      "  -1.69728442e-16 -7.95228209e-17 -5.23141205e-17 -9.07514746e-17\n",
      "  -3.14974388e-17  3.28240486e-17 -7.12593600e-17 -5.55101299e-17\n",
      "  -3.84363327e-17 -7.48474777e-18 -1.94910933e-17 -5.45853868e-19\n",
      "  -4.91181112e-17  2.72097217e-17]\n",
      " [-2.64299872e-17 -2.64299872e-17 -1.94910933e-17  1.52033762e-17\n",
      "   1.32558842e-18 -9.35619006e-18 -4.28873844e-18  1.14604917e-17\n",
      "  -7.87451291e-17 -3.20443141e-17 -1.06500705e-16  6.00327490e-17\n",
      "   1.00000000e+00  3.92160673e-17  1.71055051e-16  2.90811640e-17\n",
      "  -1.64660990e-16 -4.66997937e-17 -6.80633506e-17  1.14604917e-17\n",
      "   8.26448232e-18 -1.49458635e-16 -8.70085901e-17 -6.43204661e-17\n",
      "  -6.11244567e-17 -1.62950840e-17 -6.29958990e-17 -2.32339779e-17\n",
      "  -7.18062352e-17  2.53382795e-17]\n",
      " [-7.31308022e-17 -7.31308022e-17 -6.61919083e-17 -4.53752266e-17\n",
      "  -1.76196510e-17 -4.21792173e-17 -3.01728718e-17  6.39304004e-18\n",
      "  -4.91181112e-17  4.52159775e-18  1.03537555e-16  1.45170918e-16\n",
      "   3.92160673e-17  1.00000000e+00 -2.08712671e-16 -3.14974388e-17\n",
      "  -2.52995169e-16 -8.64617148e-17  1.35036015e-16 -8.38125807e-17\n",
      "  -1.35580847e-16  2.58851547e-17 -1.26770511e-16 -4.16323421e-17\n",
      "  -7.31308022e-17 -2.83014295e-17 -5.61330549e-18 -7.48474777e-18\n",
      "  -1.44236417e-17  4.80264035e-17]\n",
      " [-1.21703060e-16 -1.21703060e-16 -9.39474840e-17 -1.06807571e-17\n",
      "  -1.76196510e-17  1.33319339e-17  2.53382795e-17  6.19041913e-17\n",
      "  -3.52403234e-17 -2.41729615e-18  1.65987600e-16  1.38232024e-16\n",
      "   1.71055051e-16 -2.08712671e-16  1.00000000e+00 -2.45585449e-17\n",
      "  -7.95228209e-17 -1.83606229e-16 -2.81297619e-16  6.19041913e-17\n",
      "   1.90547166e-16 -5.04426782e-17 -1.57482087e-17 -5.55101299e-17\n",
      "  -2.45585449e-17 -4.21792173e-17 -7.50022445e-17 -7.48474777e-18\n",
      "  -6.29958990e-17  4.10875096e-17]\n",
      " [-8.32657055e-17 -8.32657055e-17 -9.02045994e-17 -9.02045994e-17\n",
      "  -9.02045994e-17 -8.70085901e-17 -3.33688811e-17 -7.31308022e-17\n",
      "  -5.92530144e-17 -8.19411384e-17 -5.23141205e-17 -4.53752266e-17\n",
      "   2.90811640e-17 -3.14974388e-17 -2.45585449e-17  1.00000000e+00\n",
      "  -1.03535512e-16 -2.72076790e-17 -1.73471326e-16 -1.28641953e-16\n",
      "  -6.93879177e-17  1.57502515e-17 -7.44553693e-17 -4.48283514e-17\n",
      "  -2.77545543e-17 -1.06807571e-17 -5.04426782e-17 -2.45585449e-17\n",
      "  -7.31308022e-17  1.70748185e-17]\n",
      " [-8.96577242e-17 -8.96577242e-17 -7.57799364e-17 -7.57799364e-17\n",
      "  -6.19021485e-17 -7.25839270e-17 -1.89442181e-17 -7.25839270e-17\n",
      "  -1.01338819e-17 -1.89442181e-17 -1.00339503e-16 -1.69728442e-16\n",
      "  -1.64660990e-16 -2.52995169e-16 -7.95228209e-17 -1.03535512e-16\n",
      "   1.00000000e+00 -3.35996977e-17  8.38146234e-17  4.61710904e-16\n",
      "  -9.65966181e-17 -1.43297433e-16 -1.77991903e-16 -1.13670415e-16\n",
      "  -1.24352194e-16  4.53772694e-17  4.72487116e-17 -7.25839270e-17\n",
      "  -5.87061392e-17 -3.09505636e-17]\n",
      " [-6.19021485e-17 -6.19021485e-17 -6.19021485e-17 -6.19021485e-17\n",
      "  -5.49632546e-17 -4.48283514e-17 -1.20053242e-17 -2.40116697e-17\n",
      "   2.45605876e-17  4.35058271e-17 -5.87061392e-17 -7.95228209e-17\n",
      "  -4.66997937e-17 -8.64617148e-17 -1.83606229e-16 -2.72076790e-17\n",
      "  -3.35996977e-17  1.00000000e+00 -2.72076790e-17  4.53772694e-17\n",
      "   2.15653608e-16 -1.83973428e-17 -5.30918124e-17 -9.97926274e-17\n",
      "  -2.72076790e-17  3.74390593e-18  1.25542421e-17 -2.40116697e-17\n",
      "  -1.28095078e-16 -1.01338819e-17]\n",
      " [-3.46934482e-17 -3.46934482e-17 -4.85712360e-17 -2.77545543e-17\n",
      "  -2.08156603e-17 -2.45585449e-17  3.60200579e-17  1.01359246e-17\n",
      "   1.01359246e-17  8.26448232e-18 -3.74186321e-18 -5.23141205e-17\n",
      "  -6.80633506e-17  1.35036015e-16 -2.81297619e-16 -1.73471326e-16\n",
      "   8.38146234e-17 -2.72076790e-17  1.00000000e+00 -1.56397529e-16\n",
      "   3.81640186e-16  1.05955872e-16 -4.66997937e-17 -1.00339503e-16\n",
      "  -6.93879177e-17 -8.00696961e-17 -3.65648904e-17  5.87081819e-17\n",
      "  -2.04969786e-16  1.01359246e-17]\n",
      " [-3.14974388e-17 -3.14974388e-17 -3.14974388e-17 -4.53752266e-17\n",
      "  -4.53752266e-17 -3.52403234e-17 -3.01728718e-17 -2.83014295e-17\n",
      "  -4.91181112e-17 -4.40506596e-17 -2.83014295e-17 -9.07514746e-17\n",
      "   1.14604917e-17 -8.38125807e-17  6.19041913e-17 -1.28641953e-16\n",
      "   4.61710904e-16  4.53772694e-17 -1.56397529e-16  1.00000000e+00\n",
      "  -2.74358725e-16 -1.89220556e-16 -2.10037238e-16 -6.93879177e-17\n",
      "  -2.45585449e-17 -2.83014295e-17 -2.64299872e-17 -6.29958990e-17\n",
      "  -1.04629262e-16 -5.45853868e-19]\n",
      " [ 1.02136193e-21  1.02136193e-21 -6.93787254e-18 -1.38767664e-17\n",
      "  -2.08156603e-17 -3.74186321e-18  1.52033762e-17 -3.74186321e-18\n",
      "  -1.76196510e-17 -5.61330549e-18 -3.74186321e-18 -3.14974388e-17\n",
      "   8.26448232e-18 -1.35580847e-16  1.90547166e-16 -6.93879177e-17\n",
      "  -9.65966181e-17  2.15653608e-16  3.81640186e-16 -2.74358725e-16\n",
      "   1.00000000e+00 -1.43844308e-16 -2.54866611e-16 -1.14217290e-16\n",
      "  -1.66532432e-16  1.62791590e-16  7.44574120e-17 -7.31308022e-17\n",
      "  -4.53752266e-17 -1.76196510e-17]\n",
      " [-5.06643026e-18 -5.06643026e-18 -2.58831120e-17 -3.28220059e-17\n",
      "  -2.58831120e-17 -1.57482087e-17  2.40137124e-17 -8.80931483e-18\n",
      "   2.58851547e-17  3.09526063e-17 -7.12593600e-17  3.28240486e-17\n",
      "  -1.49458635e-16  2.58851547e-17 -5.04426782e-17  1.57502515e-17\n",
      "  -1.43297433e-16 -1.83973428e-17  1.05955872e-16 -1.89220556e-16\n",
      "  -1.43844308e-16  1.00000000e+00 -3.77895259e-16 -5.68346969e-17\n",
      "   8.81135755e-18 -4.35037843e-17  2.77565970e-17 -7.12593600e-17\n",
      "  -1.33709405e-16  5.06847298e-18]\n",
      " [-4.66997937e-17 -4.66997937e-17 -4.66997937e-17 -4.66997937e-17\n",
      "  -4.66997937e-17 -3.65648904e-17 -3.74186321e-18 -3.65648904e-17\n",
      "  -1.87042092e-18 -3.74186321e-18 -6.43204661e-17 -7.12593600e-17\n",
      "  -8.70085901e-17 -1.26770511e-16 -1.57482087e-17 -7.44553693e-17\n",
      "  -1.77991903e-16 -5.30918124e-17 -4.66997937e-17 -2.10037238e-16\n",
      "  -2.54866611e-16 -3.77895259e-16  1.00000000e+00 -1.12345848e-16\n",
      "  -2.89561080e-16  7.44574120e-17  6.24510665e-17  5.06847298e-18\n",
      "   1.89462608e-17  5.06847298e-18]\n",
      " [-4.48283514e-17 -4.48283514e-17 -3.09505636e-17 -5.17672453e-17\n",
      "  -5.17672453e-17 -4.16323421e-17 -1.57482087e-17 -3.46934482e-17\n",
      "  -1.38767664e-17 -1.57482087e-17 -5.55101299e-17 -5.55101299e-17\n",
      "  -6.43204661e-17 -4.16323421e-17 -5.55101299e-17 -4.48283514e-17\n",
      "  -1.13670415e-16 -9.97926274e-17 -1.00339503e-16 -6.93879177e-17\n",
      "  -1.14217290e-16 -5.68346969e-17 -1.12345848e-16  1.00000000e+00\n",
      "  -3.15445214e-16  1.04084430e-16  4.35058271e-17  3.46954909e-17\n",
      "  -2.77545543e-17 -4.16323421e-17]\n",
      " [-2.08156603e-17 -2.08156603e-17 -2.08156603e-17 -1.38767664e-17\n",
      "  -2.08156603e-17 -2.45585449e-17  2.21422701e-17 -1.06807571e-17\n",
      "  -3.74186321e-18  3.60200579e-17 -4.53752266e-17 -3.84363327e-17\n",
      "  -6.11244567e-17 -7.31308022e-17 -2.45585449e-17 -2.77545543e-17\n",
      "  -1.24352194e-16 -2.72076790e-17 -6.93879177e-17 -2.45585449e-17\n",
      "  -1.66532432e-16  8.81135755e-18 -2.89561080e-16 -3.15445214e-16\n",
      "   1.00000000e+00 -2.46603150e-16 -1.82281662e-16  1.00341545e-16\n",
      "   1.01359246e-17  3.09526063e-17]\n",
      " [-1.06807571e-17 -1.06807571e-17 -1.06807571e-17 -1.76196510e-17\n",
      "  -1.76196510e-17 -7.48474777e-18 -2.41729615e-18 -2.13625356e-17\n",
      "  -2.13625356e-17 -1.62950840e-17 -2.83014295e-17 -7.48474777e-18\n",
      "  -1.62950840e-17 -2.83014295e-17 -4.21792173e-17 -1.06807571e-17\n",
      "   4.53772694e-17  3.74390593e-18 -8.00696961e-17 -2.83014295e-17\n",
      "   1.62791590e-16 -4.35037843e-17  7.44574120e-17  1.04084430e-16\n",
      "  -2.46603150e-16  1.00000000e+00 -1.79085653e-16 -7.48474777e-18\n",
      "  -4.91181112e-17 -2.13625356e-17]\n",
      " [-2.96259965e-17 -2.96259965e-17 -2.96259965e-17 -3.65648904e-17\n",
      "  -2.96259965e-17 -2.64299872e-17 -4.21792173e-17 -4.03077750e-17\n",
      "  -2.64299872e-17 -1.44236417e-17 -4.03077750e-17 -1.94910933e-17\n",
      "  -6.29958990e-17 -5.61330549e-18 -7.50022445e-17 -5.04426782e-17\n",
      "   4.72487116e-17  1.25542421e-17 -3.65648904e-17 -2.64299872e-17\n",
      "   7.44574120e-17  2.77565970e-17  6.24510665e-17  4.35058271e-17\n",
      "  -1.82281662e-16 -1.79085653e-16  1.00000000e+00 -1.16635608e-16\n",
      "   4.98978457e-17 -1.94910933e-17]\n",
      " [ 3.19703070e-18  3.19703070e-18  1.01359246e-17  3.19703070e-18\n",
      "   3.19703070e-18 -5.45853868e-19  3.22771734e-17  6.39304004e-18\n",
      "   2.72097217e-17  4.61549612e-17 -7.48474777e-18 -5.45853868e-19\n",
      "  -2.32339779e-17 -7.48474777e-18 -7.48474777e-18 -2.45585449e-17\n",
      "  -7.25839270e-17 -2.40116697e-17  5.87081819e-17 -6.29958990e-17\n",
      "  -7.31308022e-17 -7.12593600e-17  5.06847298e-18  3.46954909e-17\n",
      "   1.00341545e-16 -7.48474777e-18 -1.16635608e-16  1.00000000e+00\n",
      "   7.57819791e-17 -2.13625356e-17]\n",
      " [-3.14974388e-17 -3.14974388e-17 -3.84363327e-17 -3.14974388e-17\n",
      "  -3.84363327e-17 -3.52403234e-17 -1.62950840e-17 -3.52403234e-17\n",
      "  -2.13625356e-17 -9.35619006e-18 -4.91181112e-17 -4.91181112e-17\n",
      "  -7.18062352e-17 -1.44236417e-17 -6.29958990e-17 -7.31308022e-17\n",
      "  -5.87061392e-17 -1.28095078e-16 -2.04969786e-16 -1.04629262e-16\n",
      "  -4.53752266e-17 -1.33709405e-16  1.89462608e-17 -2.77545543e-17\n",
      "   1.01359246e-17 -4.91181112e-17  4.98978457e-17  7.57819791e-17\n",
      "   1.00000000e+00 -6.99347929e-17]\n",
      " [ 2.40137124e-17  2.40137124e-17  1.70748185e-17  1.70748185e-17\n",
      "   2.40137124e-17  2.72097217e-17  3.22771734e-17  3.41486157e-17\n",
      "  -5.45853868e-19  3.92160673e-17  2.02708278e-17  2.72097217e-17\n",
      "   2.53382795e-17  4.80264035e-17  4.10875096e-17  1.70748185e-17\n",
      "  -3.09505636e-17 -1.01338819e-17  1.01359246e-17 -5.45853868e-19\n",
      "  -1.76196510e-17  5.06847298e-18  5.06847298e-18 -4.16323421e-17\n",
      "   3.09526063e-17 -2.13625356e-17 -1.94910933e-17 -2.13625356e-17\n",
      "  -6.99347929e-17  1.00000000e+00]]\n"
     ]
    }
   ],
   "source": [
    "# real eigen should give a list of eigenvalues, and an orthogonal matrix\n",
    "o, p = real_eigen(thirty, 1e-5)\n",
    "print(o)\n",
    "print(p @ p.T)\n",
    "\n",
    "#looks within tolerance (:"
   ]
  },
  {
   "cell_type": "code",
   "execution_count": 18,
   "metadata": {},
   "outputs": [
    {
     "name": "stdout",
     "output_type": "stream",
     "text": [
      "[[ 1.00000000e+00  1.79578574e-16  4.50195436e-16 ...  3.46944695e-18\n",
      "   3.59955121e-17  0.00000000e+00]\n",
      " [ 1.79578574e-16  1.00000000e+00  4.50195436e-16 ...  3.46944695e-18\n",
      "   3.59955121e-17  0.00000000e+00]\n",
      " [ 4.50195436e-16  4.50195436e-16  1.00000000e+00 ...  6.93889390e-18\n",
      "   5.76795556e-17  2.08166817e-17]\n",
      " ...\n",
      " [ 3.46944695e-18  3.46944695e-18  6.93889390e-18 ...  1.00000000e+00\n",
      "  -2.70616862e-16  1.38777878e-17]\n",
      " [ 3.59955121e-17  3.59955121e-17  5.76795556e-17 ... -2.70616862e-16\n",
      "   1.00000000e+00 -4.16333634e-17]\n",
      " [ 0.00000000e+00  0.00000000e+00  2.08166817e-17 ...  1.38777878e-17\n",
      "  -4.16333634e-17  1.00000000e+00]]\n"
     ]
    }
   ],
   "source": [
